121.896072,84.136543,103,37.759529
