111.972174,73.920772,79,38.051403
